19 
10 -410 0 
8 -410 0 
2 -503 0 
3 -689 1 
4 -503 0 
3 -503 0 
1 -286 1 
7 -100 0 
5 -100 0 
7 -162 1 
5 -162 1 
5 -131 1 
7 -131 1 
1 -255 1 
1 -224 0 
8 -534 1 
6 -720 0 
7 -720 0 
8 -720 0 
11 
4 -627 0 
3 -627 0 
2 -627 0 
8 -410 0 
7 -410 0 
6 -410 0 
5 -410 0 
5 -100 0 
4 -100 0 
3 -100 0 
2 -100 0 
14 
10 -844 1 
7 -658 1 
8 -658 1 
3 -472 1 
2 -472 1 
5 -286 1 
0 -131 1 
9 -844 1 
4 -999 1 
1 -1154 1 
1 -131 1 
6 -286 1 
5 -999 1 
0 -1154 1 
15 
2 -131 1 
3 -131 1 
7 -131 1 
4 -131 1 
8 -131 1 
1 -410 1 
0 -410 1 
10 -410 1 
5 -410 1 
6 -410 1 
2 -689 1 
3 -689 1 
6 -689 1 
7 -689 1 
8 -689 1 
24 
2 -131 0 
3 -131 0 
7 -131 0 
9 -131 0 
1 -131 0 
8 -131 0 
4 -379 0 
5 -379 0 
6 -379 0 
1 -875 0 
0 -844 0 
0 -751 0 
0 -658 0 
1 -627 0 
2 -596 0 
2 -906 0 
8 -596 0 
9 -627 0 
10 -658 0 
10 -751 0 
10 -844 0 
9 -875 0 
8 -906 0 
5 -751 1 
23 
7 -844 0 
10 -906 0 
9 -751 0 
1 -751 0 
2 -1030 0 
8 -627 0 
10 -565 0 
5 -689 0 
2 -627 0 
0 -565 0 
9 -286 1 
5 -472 1 
1 -286 1 
5 -100 1 
4 -999 0 
3 -844 0 
0 -906 0 
10 -1123 0 
6 -999 0 
0 -1092 0 
8 -1061 0 
5 -844 0 
5 -1185 1 
20 
10 -658 0 
8 -596 0 
7 -565 0 
5 -379 0 
4 -348 0 
1 -472 0 
9 -472 0 
9 -627 0 
3 -565 0 
2 -596 0 
1 -627 0 
0 -658 0 
1 -224 0 
9 -193 0 
6 -100 0 
5 -69 0 
4 -100 0 
1 -193 0 
6 -348 0 
9 -224 0 
26 
0 -193 0 
0 -162 0 
0 -286 0 
0 -255 0 
0 -224 0 
9 -100 0 
9 -131 0 
9 -162 0 
9 -193 0 
9 -69 0 
5 -286 1 
5 -255 1 
3 -193 0 
10 -410 0 
10 -441 0 
10 -472 0 
10 -379 0 
10 -348 0 
7 -379 0 
5 -565 1 
5 -534 1 
1 -534 0 
1 -472 0 
1 -503 0 
1 -596 0 
1 -565 0 
21 
6 -627 0 
4 -627 0 
2 -503 0 
5 -658 0 
1 -534 0 
0 -503 0 
7 -100 0 
6 -69 0 
8 -69 0 
8 -441 0 
9 -472 0 
10 -441 0 
5 -348 0 
4 -379 0 
3 -348 0 
9 -255 0 
8 -286 0 
7 -255 0 
3 -162 0 
2 -193 0 
1 -162 0 
