36 
7 -131 0 
6 -131 0 
5 -131 0 
4 -131 0 
3 -131 0 
2 -162 0 
8 -162 0 
7 -193 0 
3 -193 0 
4 -224 0 
6 -224 0 
5 -255 0 
5 -503 0 
4 -503 0 
3 -503 0 
2 -534 0 
6 -503 0 
7 -503 0 
8 -534 0 
3 -565 0 
4 -596 0 
5 -627 0 
6 -596 0 
7 -565 0 
2 -906 0 
3 -875 0 
4 -875 0 
6 -875 0 
5 -875 0 
7 -875 0 
8 -906 0 
3 -937 0 
4 -968 0 
5 -999 0 
6 -968 0 
7 -937 0 
14 
5 -720 1 
9 -627 1 
1 -627 1 
7 -441 1 
5 -441 1 
3 -441 1 
7 -193 0 
3 -193 0 
8 -162 0 
9 -131 0 
10 -100 0 
2 -162 0 
1 -131 0 
0 -100 0 
17 
10 -689 0 
1 -658 0 
4 -658 0 
6 -720 0 
1 -131 0 
3 -193 0 
8 -162 0 
6 -255 0 
4 -317 0 
10 -317 0 
2 -379 0 
7 -441 0 
9 -534 0 
5 -503 0 
0 -472 0 
2 -565 0 
7 -596 0 
70 
8 -968 0 
2 -968 0 
8 -937 0 
2 -937 0 
8 -906 0 
8 -875 0 
2 -906 0 
2 -875 0 
8 -844 0 
2 -844 0 
8 -813 0 
2 -813 0 
8 -782 0 
2 -782 0 
8 -751 0 
2 -751 0 
8 -720 0 
2 -720 0 
2 -689 0 
8 -689 0 
8 -627 0 
8 -596 0 
8 -658 0 
8 -565 0 
8 -534 0 
8 -503 0 
8 -472 0 
2 -658 0 
2 -534 0 
2 -503 0 
2 -472 0 
8 -410 0 
8 -441 0 
8 -379 0 
8 -348 0 
2 -441 0 
5 -317 1 
5 -255 1 
2 -379 0 
2 -410 0 
10 -317 1 
0 -317 1 
5 -286 1 
4 -317 1 
6 -317 1 
5 -224 1 
2 -348 0 
2 -317 0 
8 -317 0 
2 -999 0 
2 -1061 0 
2 -1030 0 
2 -1092 0 
2 -1154 0 
2 -1123 0 
2 -1185 0 
2 -1216 0 
8 -1030 0 
8 -999 0 
8 -1061 0 
8 -1092 0 
8 -1123 0 
8 -1185 0 
8 -1154 0 
8 -1247 0 
8 -1216 0 
2 -1247 0 
2 -627 0 
2 -596 0 
2 -565 0 
21 
0 -100 1 
2 -162 1 
10 -100 1 
8 -162 1 
5 -348 1 
5 -379 1 
5 -317 1 
2 -379 0 
8 -379 0 
2 -503 1 
8 -503 1 
6 -720 0 
2 -751 0 
5 -565 0 
10 -658 0 
4 -658 0 
0 -658 0 
8 -751 0 
6 -844 0 
4 -844 0 
5 -875 0 
17 
3 -131 1 
7 -131 1 
2 -286 0 
6 -286 0 
8 -286 0 
4 -286 0 
0 -286 0 
10 -286 0 
5 -441 1 
9 -441 0 
1 -441 0 
5 -596 0 
8 -596 1 
2 -596 1 
5 -751 1 
1 -813 1 
9 -813 1 
12 
2 -224 0 
8 -224 0 
4 -348 0 
6 -348 0 
4 -472 0 
6 -472 0 
2 -596 0 
8 -596 0 
1 -410 1 
9 -410 1 
5 -720 1 
5 -100 1 
73 
7 -1526 1 
5 -1464 1 
3 -1526 1 
4 -1495 1 
1 -1402 0 
6 -1278 1 
9 -1278 0 
1 -1247 0 
9 -1061 0 
10 -813 1 
8 -348 0 
9 -534 0 
7 -1154 0 
1 -906 0 
3 -968 0 
2 -534 0 
0 -627 1 
1 -379 0 
4 -1092 1 
4 -813 1 
6 -658 1 
5 -472 1 
6 -348 1 
4 -503 1 
6 -162 1 
4 -162 1 
10 -162 1 
0 -162 1 
5 -1433 1 
5 -1402 1 
5 -1371 1 
5 -1340 1 
5 -1309 1 
5 -1278 1 
4 -1371 1 
5 -1247 1 
5 -1216 1 
5 -1185 1 
5 -1154 1 
5 -1123 1 
5 -1092 1 
5 -1061 1 
5 -1030 1 
5 -999 1 
5 -968 1 
6 -968 1 
5 -937 1 
5 -906 1 
5 -875 1 
5 -844 1 
5 -813 1 
5 -782 1 
5 -751 1 
5 -720 1 
5 -689 1 
5 -658 1 
5 -627 1 
5 -596 1 
5 -565 1 
5 -503 1 
5 -534 1 
5 -441 1 
5 -410 1 
5 -379 1 
5 -348 1 
5 -317 1 
5 -255 1 
5 -193 1 
5 -286 1 
5 -224 1 
5 -162 1 
5 -1495 1 
6 -1495 1 
13 
0 -317 1 
10 -875 1 
0 -875 1 
5 -906 1 
8 -689 1 
1 -689 1 
9 -286 1 
8 -100 1 
4 -596 1 
7 -472 1 
5 -224 1 
3 -410 1 
2 -162 1 
20 
5 -1247 1 
5 -999 1 
5 -782 1 
5 -534 1 
5 -255 1 
10 -379 1 
0 -100 1 
2 -162 1 
4 -255 1 
8 -441 1 
6 -534 1 
0 -658 1 
2 -720 1 
4 -782 1 
10 -875 1 
8 -937 1 
6 -999 1 
0 -1092 1 
2 -1185 1 
4 -1247 1 
